vec![
	(-0.2396039603960396, -0.15643564356435644, 0.46732673267326735),
	(-0.22772277227722773, -0.37425742574257426, 0.32475247524752476),
	(-0.4415841584158416, -0.48118811881188117, 0.2376237623762376),
	(-0.4495049504950495, -0.592079207920792, 0.2099009900990099),
	(-0.48118811881188117, -0.500990099009901, 0.4198019801980198),
	(-0.6514851485148515, -0.7148514851485148, 0.3920792079207921),
	(-0.7346534653465346, -0.6158415841584158, 0.5346534653465347),
	(-0.900990099009901, -0.6237623762376238, 0.5069306930693069),
	(-0.8534653465346534, -0.40594059405940597, 0.499009900990099),
	(-0.9881188118811881, -0.40594059405940597, 0.39603960396039606),
	(-0.9881188118811881, -0.24752475247524752, 0.3722772277227723),
	(-0.7940594059405941, -0.07722772277227723, 0.2891089108910891),
	(-0.9168316831683169, 0.0891089108910891, 0.20594059405940593),
	(-0.7702970297029703, 0.100990099009901, 0.49504950495049505),
	(-0.8138613861386138, 0.13267326732673268, 0.07920792079207921),
	(-0.6673267326732674, 0.27524752475247527, 0.46732673267326735),
	(-0.596039603960396, 0.36633663366336633, 0.297029702970297),
	(-0.5722772277227722, 0.2871287128712871, 0.30495049504950494),
	(-0.5168316831683168, 0.2871287128712871, 0.38415841584158417),
	(-0.4495049504950495, 0.33861386138613864, 0.6336633663366337),
	(-0.31485148514851485, 0.22772277227722773, 0.689108910891089),
	(-0.24356435643564356, 0.2594059405940594, 0.8514851485148515),
	(-0.061386138613861385, 0.3346534653465347, 0.7801980198019802),
	(-0.18415841584158416, 0.48118811881188117, 0.6534653465346535),
	(-0.19207920792079208, 0.5524752475247525, 0.7841584158415842),
	(-0.08118811881188119, 0.6435643564356436, 0.6693069306930693),
	(-0.005940594059405941, 0.6198019801980198, 0.700990099009901),
	(0.06534653465346535, 0.47326732673267324, 0.7207920792079208),
	(0.18811881188118812, 0.5683168316831683, 0.3603960396039604),
	(0.2, 0.5841584158415841, 0.38811881188118813),
	(0.35445544554455444, 0.6277227722772277, 0.41188118811881186),
	(0.42178217821782177, 0.44554455445544555, 0.2891089108910891),
	(0.39801980198019804, 0.3584158415841584, 0.5188118811881188),
	(0.4297029702970297, 0.3900990099009901, 0.3564356435643564),
	(0.5366336633663367, 0.1801980198019802, 0.09504950495049505),
	(0.3782178217821782, 0.11287128712871287, 0.35247524752475246),
	(0.4693069306930693, 0.09306930693069307, 0.38811881188118813),
	(0.3940594059405941, -0.013861386138613862, 0.5306930693069307),
	(0.5683168316831683, 0.02178217821782178, 0.5227722772277228),
	(0.5524752475247525, -0.10891089108910891, 0.7603960396039604),
	(0.5524752475247525, -0.08118811881188119, 0.5267326732673268),
	(0.6514851485148515, 0.08514851485148515, 0.6376237623762376),
	(0.7623762376237624, -0.03762376237623762, 0.5465346534653466),
	(0.9643564356435643, -0.22376237623762377, 0.3564356435643564),
	(0.900990099009901, -0.3346534653465347, 0.4752475247524752),
	(0.7544554455445545, -0.3306930693069307, 0.14257425742574256),
	(0.7346534653465346, -0.27920792079207923, 0.10693069306930693),
	(0.6039603960396039, -0.27920792079207923, 0.0),
	(0.5485148514851486, -0.3584158415841584, 0.1504950495049505),
	(0.42574257425742573, -0.17623762376237623, 0.1504950495049505),
	(0.1485148514851485, -0.13663366336633664, 0.44752475247524753),
	(0.06534653465346535, -0.2633663366336634, 0.25742574257425743),
	(-0.08118811881188119, -0.4534653465346535, 0.25346534653465347),
	(-0.100990099009901, -0.2396039603960396, 0.2099009900990099),
	(-0.17227722772277226, -0.19207920792079208, 0.38415841584158417),
	(-0.2633663366336634, -0.41386138613861384, 0.2376237623762376),
	(-0.10495049504950495, -0.4415841584158416, 0.37623762376237624),
	(0.009900990099009901, -0.3425742574257426, 0.48316831683168315),
	(-0.04554455445544554, -0.36633663366336633, 0.3564356435643564),
	(0.100990099009901, -0.5089108910891089, 0.27722772277227725),
	(0.19603960396039605, -0.401980198019802, 0.3089108910891089),
	(0.37425742574257426, -0.4613861386138614, 0.5227722772277228),
	(0.4376237623762376, -0.2871287128712871, 0.6099009900990099),
	(0.299009900990099, -0.3227722772277228, 0.4871287128712871),
	(0.19603960396039605, -0.44554455445544555, 0.38811881188118813),
	(0.3782178217821782, -0.6, 0.3801980198019802),
	(0.4772277227722772, -0.6712871287128713, 0.41188118811881186),
	(0.3702970297029703, -0.497029702970297, 0.6217821782178218),
	(0.6514851485148515, -0.5881188118811881, 0.7049504950495049),
	(0.695049504950495, -0.6514851485148515, 0.5584158415841585),
	(0.6396039603960396, -0.6514851485148515, 0.4514851485148515),
	(0.4534653465346535, -0.7861386138613862, 0.4277227722772277),
	(0.4376237623762376, -0.7980198019801981, 0.38811881188118813),
	(0.3108910891089109, -0.7386138613861386, 0.4),
	(0.18415841584158416, -0.6277227722772277, 0.5465346534653466),
	(0.12475247524752475, -0.5326732673267327, 0.8910891089108911),
	(0.08118811881188119, -0.500990099009901, 0.6178217821782178),
	(0.041584158415841586, -0.44554455445544555, 0.807920792079208),
	(0.041584158415841586, -0.2871287128712871, 0.807920792079208),
	(0.03762376237623762, -0.23564356435643563, 0.9504950495049505),
	(-0.1801980198019802, -0.1603960396039604, 0.8475247524752475),
	(-0.100990099009901, -0.40594059405940597, 0.7128712871287128),
	(-0.12871287128712872, -0.5366336633663367, 0.7722772277227723),
	(-0.1405940594059406, -0.6118811881188119, 0.7445544554455445),
	(-0.10495049504950495, -0.7584158415841584, 0.7960396039603961),
	(0.08514851485148515, -0.6871287128712872, 0.9544554455445544),
	(-0.009900990099009901, -0.7663366336633664, 1.0930693069306932),
	(0.26732673267326734, -0.8851485148514852, 0.7326732673267327),
	(0.26732673267326734, -0.9128712871287129, 0.7049504950495049),
	(0.053465346534653464, -0.7940594059405941, 0.7405940594059406),
	(0.10891089108910891, -0.8653465346534653, 0.22178217821782178),
	(-0.02574257425742574, -0.8376237623762376, 0.15841584158415842),
	(-0.033663366336633666, -0.7465346534653465, 0.06336633663366337),
	(-0.17227722772277226, -0.8415841584158416, 0.07920792079207921),
	(-0.20396039603960395, -0.6237623762376238, 0.17425742574257425),
	(-0.4099009900990099, -0.8297029702970297, 0.33663366336633666),
	(-0.4772277227722772, -0.8178217821782178, 0.44356435643564357),
	(-0.5247524752475248, -0.5881188118811881, 0.697029702970297),
	(-0.4891089108910891, -0.8297029702970297, 0.7287128712871287),
	(-0.3346534653465347, -0.6752475247524753, 0.803960396039604),
	(-0.5207920792079208, -0.7584158415841584, 0.8752475247524752),
	(-0.3821782178217822, -0.8534653465346534, 0.8475247524752475),
	(-0.47326732673267324, -0.6514851485148515, 0.7445544554455445),
	(-0.23564356435643563, -0.40594059405940597, 0.7683168316831683),
	(-0.500990099009901, -0.4099009900990099, 0.8475247524752475),
	(-0.4534653465346535, -0.40594059405940597, 0.9425742574257425),
	(-0.5089108910891089, -0.33861386138613864, 0.9544554455445544),
	(-0.4693069306930693, -0.25544554455445545, 0.8514851485148515),
	(-0.6198019801980198, -0.19207920792079208, 0.5861386138613861),
	(-0.6316831683168317, 0.06930693069306931, 0.7683168316831683),
	(-0.43366336633663366, 0.0297029702970297, 0.689108910891089),
	(-0.5128712871287129, 0.18811881188118812, 0.6495049504950495),
	(-0.24356435643564356, 0.17227722772277226, 0.7207920792079208),
	(-0.43366336633663366, 0.18811881188118812, 0.689108910891089),
	(-0.41386138613861384, 0.24752475247524752, 0.8),
	(-0.7029702970297029, 0.1801980198019802, 0.6336633663366337),
	(-0.8257425742574257, 0.24356435643564356, 0.8831683168316832),
	(-0.7386138613861386, -0.01782178217821782, 0.5188118811881188),
	(-0.9168316831683169, 0.06930693069306931, 0.403960396039604),
	(-0.8257425742574257, 0.26732673267326734, 0.8871287128712871),
	(-0.9247524752475248, 0.43366336633663366, 0.9188118811881189),
	(-0.80990099009901, 0.48514851485148514, 0.7920792079207921),
	(-0.9405940594059405, 0.5326732673267327, 0.601980198019802),
	(-0.8574257425742574, 0.6396039603960396, 0.5148514851485149),
	(-0.7623762376237624, 0.5207920792079208, 0.41188118811881186),
	(-0.8257425742574257, 0.6475247524752475, 0.3089108910891089),
	(-0.7346534653465346, 0.5683168316831683, 0.14257425742574256),
	(-0.47326732673267324, 0.5445544554455446, 0.25346534653465347),
	(-0.42574257425742573, 0.6633663366336634, 0.36435643564356435),
	(-0.3069306930693069, 0.6, 0.5306930693069307),
	(-0.40594059405940597, 0.7821782178217822, 0.6653465346534654),
	(-0.35445544554455444, 0.6871287128712872, 0.8356435643564356),
	(-0.2514851485148515, 0.7900990099009901, 0.8158415841584158),
	(-0.4178217821782178, 0.8891089108910891, 0.6376237623762376),
	(-0.42178217821782177, 0.6752475247524753, 0.5148514851485149),
	(-0.36633663366336633, 0.6198019801980198, 0.7287128712871287),
	(-0.25544554455445545, 0.7900990099009901, 0.8475247524752475),
	(-0.12871287128712872, 0.7346534653465346, 0.6534653465346535),
	(-0.3069306930693069, 0.904950495049505, 0.601980198019802),
	(-0.37425742574257426, 0.9445544554455445, 0.6574257425742575),
	(-0.3702970297029703, 0.8851485148514852, 0.7049504950495049),
	(-0.18811881188118812, 0.7465346534653465, 0.9306930693069307),
	(-0.22376237623762377, 0.7900990099009901, 1.108910891089109),
	(-0.033663366336633666, 0.7306930693069307, 0.9188118811881189),
	(-0.03762376237623762, 0.5445544554455446, 1.0495049504950495),
	(0.02574257425742574, 0.37425742574257426, 1.0653465346534654),
	(0.09702970297029703, 0.3108910891089109, 1.1445544554455445),
	(0.19603960396039605, 0.42574257425742573, 0.9346534653465347),
	(0.11287128712871287, 0.3227722772277228, 1.0138613861386139),
	(0.09702970297029703, 0.2514851485148515, 1.0732673267326733),
	(-0.04554455445544554, 0.3702970297029703, 0.8950495049504951),
	(-0.1603960396039604, 0.6277227722772277, 0.8712871287128713),
	(-0.09306930693069307, 0.401980198019802, 1.1405940594059405),
	(-0.19207920792079208, 0.5366336633663367, 1.302970297029703),
	(-0.053465346534653464, 0.3782178217821782, 1.3663366336633664),
	(-0.08118811881188119, 0.4297029702970297, 1.398019801980198),
	(-0.09702970297029703, 0.47326732673267324, 1.3227722772277228),
	(-0.013861386138613862, 0.6435643564356436, 1.2831683168316832),
	(-0.013861386138613862, 0.5722772277227722, 1.2118811881188118),
	(0.009900990099009901, 0.6435643564356436, 1.104950495049505),
	(0.04950495049504951, 0.8257425742574257, 0.9663366336633663),
	(-0.08118811881188119, 0.7900990099009901, 1.1485148514851484),
	(-0.12871287128712872, 0.996039603960396, 1.0138613861386139),
	(-0.32673267326732675, 0.9445544554455445, 0.8712871287128713),
	(-0.4297029702970297, 0.8772277227722772, 1.0297029702970297),
	(-0.3108910891089109, 0.7821782178217822, 1.0970297029702971),
	(-0.43366336633663366, 0.904950495049505, 1.0217821782178218),
	(-0.2871287128712871, 0.7663366336633664, 0.7762376237623763),
	(-0.48514851485148514, 0.7584158415841584, 0.697029702970297),
	(-0.40594059405940597, 0.6277227722772277, 0.6811881188118812),
	(-0.5722772277227722, 0.6752475247524753, 0.6415841584158416),
	(-0.6198019801980198, 0.6277227722772277, 0.8831683168316832),
	(-0.4495049504950495, 0.7029702970297029, 1.0495049504950495),
	(-0.401980198019802, 0.6316831683168317, 1.100990099009901),
	(-0.401980198019802, 0.6673267326732674, 1.1564356435643564),
	(-0.49306930693069306, 0.6039603960396039, 1.394059405940594),
	(-0.6594059405940594, 0.695049504950495, 1.401980198019802),
	(-0.5485148514851486, 0.5445544554455446, 1.6396039603960395),
	(-0.5683168316831683, 0.3940594059405941, 1.5247524752475248),
	(-0.500990099009901, 0.20396039603960395, 1.4574257425742574),
	(-0.5168316831683168, 0.18811881188118812, 1.3504950495049506),
	(-0.5524752475247525, 0.1603960396039604, 1.2316831683168317),
	(-0.6316831683168317, 0.10495049504950495, 1.2633663366336634),
	(-0.5524752475247525, 0.19207920792079208, 1.4772277227722772),
	(-0.6475247524752475, 0.0891089108910891, 1.3227722772277228),
	(-0.6316831683168317, 0.100990099009901, 1.4653465346534653),
	(-0.7663366336633664, 0.35445544554455444, 1.4851485148514851),
	(-0.7306930693069307, 0.3188118811881188, 1.5643564356435644),
	(-0.9207920792079208, 0.43366336633663366, 1.378217821782178),
	(-0.7980198019801981, 0.4534653465346535, 1.2594059405940594),
	(-0.9128712871287129, 0.3782178217821782, 1.1326732673267326),
	(-0.7306930693069307, 0.31485148514851485, 0.9346534653465347),
	(-0.8455445544554455, 0.2079207920792079, 1.0851485148514852),
	(-0.7623762376237624, 0.2198019801980198, 1.1326732673267326),
	(-0.6871287128712872, 0.05742574257425743, 1.0613861386138614),
	(-0.7069306930693069, 0.18811881188118812, 1.2118811881188118),
	(-0.6475247524752475, 0.053465346534653464, 1.310891089108911),
	(-0.5168316831683168, 0.20396039603960395, 1.4772277227722772),
	(-0.3940594059405941, 0.11683168316831684, 1.401980198019802),
	(-0.45742574257425744, -0.05742574257425743, 1.3702970297029704),
	(-0.7465346534653465, -0.053465346534653464, 1.104950495049505),
	(-0.8574257425742574, -0.1485148514851485, 1.112871287128713),
	(-0.7544554455445545, -0.3584158415841584, 1.1247524752475249),
	(-0.897029702970297, -0.31485148514851485, 0.7247524752475247),
	(-0.6871287128712872, -0.31485148514851485, 0.9425742574257425),
	(-0.8851485148514852, -0.37425742574257426, 0.601980198019802),
	(-0.7108910891089109, -0.36633663366336633, 0.5861386138613861),
	(-0.6633663366336634, -0.2633663366336634, 0.6099009900990099),
	(-0.6316831683168317, -0.1603960396039604, 0.6534653465346535),
	(-0.596039603960396, -0.2871287128712871, 0.7841584158415842),
	(-0.5801980198019802, -0.2316831683168317, 1.0138613861386139),
	(-0.5287128712871287, -0.2079207920792079, 1.0415841584158416),
	(-0.504950495049505, -0.1603960396039604, 1.112871287128713),
	(-0.6316831683168317, -0.2396039603960396, 1.1722772277227722),
	(-0.5168316831683168, -0.16435643564356436, 1.3346534653465347),
	(-0.5128712871287129, -0.1603960396039604, 1.4534653465346534),
	(-0.39801980198019804, -0.10891089108910891, 1.5287128712871287),
	(-0.47326732673267324, 0.07326732673267326, 1.6435643564356435),
	(-0.500990099009901, 0.07722772277227723, 1.7188118811881188),
	(-0.3900990099009901, 0.0297029702970297, 1.80990099009901),
	(-0.45742574257425744, 0.07722772277227723, 2.01980198019802),
	(-0.45742574257425744, 0.13663366336633664, 2.099009900990099),
	(-0.22772277227722773, 0.1405940594059406, 2.095049504950495),
	(-0.3900990099009901, 0.11287128712871287, 2.110891089108911),
	(-0.3821782178217822, 0.013861386138613862, 2.0673267326732674),
	(-0.47326732673267324, -0.17227722772277226, 2.285148514851485),
	(-0.6673267326732674, -0.1485148514851485, 2.273267326732673),
	(-0.5881188118811881, -0.14455445544554454, 2.1584158415841586),
	(-0.42178217821782177, -0.18415841584158416, 1.9643564356435643),
	(-0.4099009900990099, -0.08118811881188119, 1.7821782178217822),
	(-0.3782178217821782, -0.04950495049504951, 1.61980198019802),
	(-0.3504950495049505, -0.09702970297029703, 1.497029702970297),
	(-0.299009900990099, -0.11683168316831684, 1.5445544554455446),
	(-0.45742574257425744, -0.009900990099009901, 1.497029702970297),
	(-0.30297029702970296, -0.15247524752475247, 1.5722772277227723),
	(-0.4297029702970297, 0.005940594059405941, 1.5524752475247525),
	(-0.31485148514851485, -0.09702970297029703, 1.5445544554455446),
	(-0.4415841584158416, -0.1485148514851485, 1.7425742574257426),
	(-0.45742574257425744, -0.18811881188118812, 1.7108910891089109),
	(-0.3900990099009901, -0.2712871287128713, 1.805940594059406),
	(-0.5564356435643565, -0.4495049504950495, 1.992079207920792),
	(-0.7188118811881188, -0.6792079207920793, 1.8217821782178218),
	(-0.7544554455445545, -0.6079207920792079, 1.6712871287128712),
	(-0.7544554455445545, -0.6237623762376238, 1.4653465346534653),
	(-0.6316831683168317, -0.7306930693069307, 1.2831683168316832),
	(-0.7188118811881188, -0.6198019801980198, 1.1722772277227722),
	(-0.6158415841584158, -0.6356435643564357, 1.0534653465346535),
	(-0.7188118811881188, -0.592079207920792, 0.9623762376237623),
	(-0.49306930693069306, -0.5524752475247525, 0.998019801980198),
	(-0.5564356435643565, -0.6277227722772277, 0.8792079207920792),
	(-0.30297029702970296, -0.6673267326732674, 1.1603960396039603),
	(-0.43366336633663366, -0.7623762376237624, 0.8514851485148515),
	(-0.3940594059405941, -0.7861386138613862, 1.116831683168317),
	(-0.4297029702970297, -0.8376237623762376, 1.2198019801980198),
	(-0.27524752475247527, -0.8217821782178217, 1.203960396039604),
	(-0.41386138613861384, -0.8297029702970297, 1.3465346534653466),
	(-0.12079207920792079, -0.699009900990099, 1.2316831683168317),
	(-0.12871287128712872, -0.8415841584158416, 1.2237623762376237),
	(-0.22772277227722773, -0.6792079207920793, 1.2871287128712872),
	(-0.5128712871287129, -0.24752475247524752, 1.3623762376237625),
	(-0.1485148514851485, -0.7148514851485148, 1.2673267326732673),
	(-0.12079207920792079, -0.7227722772277227, 1.2237623762376237),
	(-0.20396039603960395, -0.7584158415841584, 1.314851485148515),
	(-0.13267326732673268, -0.7544554455445545, 1.386138613861386),
	(-0.3465346534653465, -0.6039603960396039, 1.5841584158415842),
	(-0.10495049504950495, -0.6554455445544555, 1.6554455445544554),
	(-0.30297029702970296, -0.504950495049505, 1.813861386138614),
	(-0.29108910891089107, -0.6435643564356436, 1.9366336633663366),
	(-0.18415841584158416, -0.4376237623762376, 1.988118811881188),
	(-0.100990099009901, -0.5762376237623762, 2.110891089108911),
	(-0.18811881188118812, -0.4613861386138614, 2.1544554455445546),
	(-0.24356435643564356, -0.5168316831683168, 2.3247524752475246),
	(-0.22376237623762377, -0.5326732673267327, 2.114851485148515),
	(-0.3306930693069307, -0.6237623762376238, 1.988118811881188),
	(-0.2633663366336634, -0.6554455445544555, 1.9603960396039604),
	(-0.14455445544554454, -0.5128712871287129, 1.683168316831683),
	(-0.061386138613861385, -0.497029702970297, 1.5722772277227723),
	(0.09306930693069307, -0.3584158415841584, 1.6475247524752474),
	(-0.06534653465346535, -0.44554455445544555, 1.5722772277227723),
	(0.04554455445544554, -0.43366336633663366, 1.6594059405940593),
	(0.08118811881188119, -0.6158415841584158, 1.611881188118812),
	(0.21584158415841584, -0.6752475247524753, 1.5207920792079208),
	(0.2396039603960396, -0.7188118811881188, 1.4772277227722772),
	(0.21188118811881188, -0.6316831683168317, 1.2118811881188118),
	(0.2, -0.6356435643564357, 1.192079207920792),
	(0.401980198019802, -0.699009900990099, 1.112871287128713),
	(0.16831683168316833, -0.699009900990099, 1.0534653465346535),
	(0.3188118811881188, -0.6396039603960396, 0.7920792079207921),
	(0.2396039603960396, -0.7702970297029703, 0.5544554455445545),
	(0.30297029702970296, -0.7584158415841584, 0.32475247524752476),
	(0.13663366336633664, -0.6594059405940594, 0.201980198019802),
	(0.31485148514851485, -0.7267326732673267, 0.31683168316831684),
	(0.3702970297029703, -0.695049504950495, 0.3445544554455445),
	(0.3584158415841584, -0.8138613861386138, 0.22178217821782178),
	(0.4297029702970297, -0.8891089108910891, 0.4277227722772277),
	(0.3702970297029703, -0.7900990099009901, 0.41188118811881186),
	(0.6039603960396039, -0.7821782178217822, 0.37623762376237624),
	(0.80990099009901, -1.0, 0.22178217821782178),
	(0.8297029702970297, -0.9881188118811881, 0.15841584158415842),
	(0.699009900990099, -0.801980198019802, 0.055445544554455446),
	(0.46534653465346537, -0.6198019801980198, 0.502970297029703),
	(0.5643564356435643, -0.6435643564356436, 0.6297029702970297),
	(0.43366336633663366, -0.24752475247524752, 0.6336633663366337),
	(0.4178217821782178, -0.45742574257425744, 0.7287128712871287),
	(0.27920792079207923, -0.5366336633663367, 0.8356435643564356),
	(0.27920792079207923, -0.42178217821782177, 0.8316831683168316),
	(0.32673267326732675, -0.3306930693069307, 0.8792079207920792),
	(0.24356435643564356, -0.42178217821782177, 1.0217821782178218),
	(0.36237623762376237, -0.3306930693069307, 1.0297029702970297),
	(0.3306930693069307, -0.3702970297029703, 1.2910891089108911),
	(0.3504950495049505, -0.37425742574257426, 1.4495049504950495),
	(0.22772277227722773, -0.4415841584158416, 1.39009900990099),
	(0.20396039603960395, -0.3782178217821782, 1.2198019801980198),
	(0.30297029702970296, -0.6435643564356436, 1.2514851485148515),
	(0.4415841584158416, -0.5801980198019802, 1.306930693069307),
	(0.2594059405940594, -0.5247524752475248, 1.386138613861386),
	(0.2633663366336634, -0.5089108910891089, 1.6277227722772276),
	(0.15247524752475247, -0.35445544554455444, 1.607920792079208),
	(0.19207920792079208, -0.37425742574257426, 1.6673267326732673),
	(0.2871287128712871, -0.401980198019802, 1.9128712871287128),
	(0.18811881188118812, -0.38613861386138615, 2.0554455445544555),
	(0.27920792079207923, -0.49306930693069306, 1.9485148514851485),
	(0.46534653465346537, -0.5445544554455446, 1.893069306930693),
	(0.4178217821782178, -0.44554455445544555, 1.687128712871287),
	(0.5643564356435643, -0.299009900990099, 1.5762376237623763),
	(0.497029702970297, -0.2871287128712871, 1.5762376237623763),
	(0.6633663366336634, -0.3346534653465347, 1.401980198019802),
	(0.6396039603960396, -0.20396039603960395, 1.2752475247524753),
	(0.8257425742574257, -0.32673267326732675, 1.1722772277227722),
	(0.7188118811881188, -0.3306930693069307, 1.0376237623762377),
	(0.699009900990099, -0.31485148514851485, 1.108910891089109),
	(0.9881188118811881, -0.4693069306930693, 0.9188118811881189),
	(0.80990099009901, -0.22376237623762377, 0.6732673267326733),
	(0.8138613861386138, -0.19207920792079208, 0.6811881188118812),
	(0.805940594059406, -0.12871287128712872, 0.8475247524752475),
	(0.7148514851485148, -0.26732673267326734, 0.7881188118811882),
	(0.7504950495049505, -0.12475247524752475, 0.9346534653465347),
	(0.699009900990099, -0.11287128712871287, 1.0376237623762377),
	(0.6237623762376238, -0.2871287128712871, 1.0217821782178218),
	(0.42178217821782177, -0.08514851485148515, 0.998019801980198),
	(0.37425742574257426, -0.100990099009901, 0.9742574257425742),
	(0.26732673267326734, -0.19603960396039605, 1.1366336633663365),
	(0.2633663366336634, -0.1485148514851485, 1.2831683168316832),
	(0.31485148514851485, -0.17623762376237623, 1.1564356435643564),
	(0.299009900990099, 0.0297029702970297, 1.0376237623762377),
	(0.47326732673267324, -0.100990099009901, 0.803960396039604),
	(0.6396039603960396, -0.16435643564356436, 1.0297029702970297),
	(0.4613861386138614, -0.01782178217821782, 0.9663366336633663),
	(0.5207920792079208, 0.02574257425742574, 1.192079207920792),
	(0.5603960396039604, -0.1485148514851485, 0.9861386138613861),
	(0.49306930693069306, 0.03762376237623762, 1.116831683168317),
	(0.500990099009901, 0.12871287128712872, 1.2158415841584158),
	(0.6039603960396039, 0.19603960396039605, 1.2475247524752475),
	(0.6, 0.053465346534653464, 1.192079207920792),
	(0.5564356435643565, 0.06930693069306931, 1.4415841584158415),
	(0.6316831683168317, 0.17227722772277226, 1.4099009900990098),
	(0.596039603960396, 0.3702970297029703, 1.504950495049505),
	(0.6237623762376238, 0.2871287128712871, 1.2396039603960396),
	(0.5643564356435643, 0.3584158415841584, 1.2316831683168317),
	(0.6435643564356436, 0.4693069306930693, 1.1326732673267326),
	(0.691089108910891, 0.2871287128712871, 0.9346534653465347),
	(0.6594059405940594, 0.49306930693069306, 0.8514851485148515),
	(0.7425742574257426, 0.5445544554455446, 0.7445544554455445),
	(0.7623762376237624, 0.3465346534653465, 0.5900990099009901),
	(0.9405940594059405, 0.6079207920792079, 0.5069306930693069),
	(0.7148514851485148, 0.5564356435643565, 0.4910891089108911),
	(0.6831683168316832, 0.7227722772277227, 0.601980198019802),
	(0.6237623762376238, 0.46534653465346537, 0.9267326732673268),
	(0.592079207920792, 0.6594059405940594, 0.8396039603960396),
	(0.7148514851485148, 0.7267326732673267, 0.9465346534653465),
	(0.596039603960396, 0.8534653465346534, 0.9663366336633663),
	(0.3584158415841584, 0.7069306930693069, 1.1366336633663365),
	(0.36633663366336633, 0.6316831683168317, 1.0732673267326733),
	(0.5801980198019802, 0.9366336633663367, 0.902970297029703),
	(0.6118811881188119, 1.0, 0.6851485148514852),
	(0.4297029702970297, 0.8138613861386138, 0.9425742574257425),
	(0.6752475247524753, 0.8851485148514852, 0.5425742574257426),
	(0.801980198019802, 0.8891089108910891, 0.5108910891089109),
	(0.7346534653465346, 0.6633663366336634, 0.41188118811881186),
	(0.8297029702970297, 0.6594059405940594, 0.5267326732673268),
	(0.6554455445544555, 0.43366336633663366, 0.5069306930693069),
	(0.8811881188118812, 0.2633663366336634, 0.9544554455445544),
	(0.8891089108910891, 0.3346534653465347, 0.6811881188118812),
	(0.596039603960396, 0.2079207920792079, 0.9148514851485149),
	(0.7346534653465346, 0.11683168316831684, 1.1801980198019801),
	(0.7623762376237624, 0.16831683168316833, 1.0772277227722773),
	(0.7346534653465346, -0.0019801980198019802, 1.2237623762376237),
	(0.592079207920792, 0.013861386138613862, 1.2910891089108911),
	(0.5207920792079208, -0.0297029702970297, 1.2475247524752475),
	(0.45742574257425744, -0.009900990099009901, 1.2475247524752475),
	(0.3782178217821782, -0.013861386138613862, 1.2871287128712872),
	(0.39801980198019804, 0.10495049504950495, 1.5564356435643565),
	(0.3702970297029703, 0.09306930693069307, 1.5683168316831684),
	(0.4534653465346535, -0.09306930693069307, 1.7425742574257426),
	(0.48514851485148514, -0.04950495049504951, 1.7702970297029703),
	(0.401980198019802, -0.08514851485148515, 2.0356435643564357),
	(0.3306930693069307, 0.07722772277227723, 2.095049504950495),
	(0.20396039603960395, 0.041584158415841586, 2.1584158415841586),
	(0.25544554455445545, 0.21584158415841584, 2.1504950495049506),
	(0.24752475247524752, 0.30297029702970296, 2.2495049504950497),
	(0.19207920792079208, 0.5287128712871287, 2.1465346534653467),
	(0.21584158415841584, 0.5326732673267327, 1.893069306930693),
	(0.14455445544554454, 0.6, 1.8297029702970298),
	(0.10495049504950495, 0.3504950495049505, 1.798019801980198),
	(0.05742574257425743, 0.47326732673267324, 1.6792079207920791),
	(-0.08514851485148515, 0.47326732673267324, 1.7108910891089109),
	(-0.16831683168316833, 0.5485148514851486, 1.7227722772277227),
	(-0.08514851485148515, 0.5089108910891089, 1.8772277227722771),
	(-0.3584158415841584, 0.6, 1.9247524752475247),
	(-0.4415841584158416, 0.5603960396039604, 1.9643564356435643),
	(-0.4693069306930693, 0.6237623762376238, 2.0),
	(-0.4415841584158416, 0.3782178217821782, 2.091089108910891),
	(-0.49306930693069306, 0.3465346534653465, 2.269306930693069),
	(-0.37425742574257426, 0.22376237623762377, 2.269306930693069),
	(-0.3346534653465347, 0.3306930693069307, 2.3247524752475246),
	(-0.16831683168316833, 0.17623762376237623, 2.1663366336633665),
	(-0.02178217821782178, 0.3346534653465347, 2.110891089108911),
	(0.12079207920792079, 0.35445544554455444, 2.1544554455445546),
	(0.2079207920792079, 0.3584158415841584, 2.1900990099009903),
	(0.27524752475247527, 0.2079207920792079, 2.1861386138613863),
	(0.39801980198019804, 0.11683168316831684, 2.1702970297029704),
	(0.3782178217821782, 0.07722772277227723, 2.1425742574257427),
	(0.46534653465346537, -0.013861386138613862, 2.237623762376238),
	(0.39801980198019804, 0.013861386138613862, 2.237623762376238),
	(0.3940594059405941, 0.041584158415841586, 2.4475247524752475),
	(0.2871287128712871, -0.09702970297029703, 2.4554455445544554),
	(0.3425742574257426, -0.05742574257425743, 2.4712871287128713),
	(0.1801980198019802, -0.100990099009901, 2.4475247524752475),
	(0.06930693069306931, 0.08514851485148515, 2.3405940594059405),
	(-0.033663366336633666, 0.05742574257425743, 2.368316831683168),
	(-0.06930693069306931, 0.06534653465346535, 2.388118811881188),
	(-0.08118811881188119, -0.06930693069306931, 2.3405940594059405),
	(-0.26732673267326734, -0.13663366336633664, 2.5267326732673268),
	(-0.08514851485148515, -0.32673267326732675, 2.3564356435643563),
	(-0.17227722772277226, -0.2871287128712871, 2.368316831683168),
	(-0.2594059405940594, -0.596039603960396, 2.4198019801980197),
	(-0.27524752475247527, -0.6, 2.4198019801980197),
	(-0.15247524752475247, -0.6316831683168317, 2.3405940594059405),
	(-0.009900990099009901, -0.6237623762376238, 2.2455445544554458),
	(-0.03762376237623762, -0.5683168316831683, 2.1425742574257427),
	(0.09702970297029703, -0.5287128712871287, 2.091089108910891),
	(0.2198019801980198, -0.5207920792079208, 2.0792079207920793),
	(0.12871287128712872, -0.5168316831683168, 2.22970297029703),
	(0.3504950495049505, -0.39801980198019804, 2.1465346534653467),
	(0.19207920792079208, -0.23564356435643563, 2.265346534653465),
	(0.28316831683168314, -0.3346534653465347, 2.293069306930693),
	(0.09306930693069307, -0.31485148514851485, 2.403960396039604),
	(0.11287128712871287, -0.0891089108910891, 2.3445544554455444),
	(0.17227722772277226, -0.23564356435643563, 2.487128712871287),
	(0.15643564356435644, -0.17623762376237623, 2.625742574257426),
	(-0.2594059405940594, -0.05742574257425743, 2.5584158415841585),
	(-0.41386138613861384, 0.03762376237623762, 2.704950495049505),
	(-0.3702970297029703, 0.27524752475247527, 2.796039603960396),
	(-0.48118811881188117, 0.09702970297029703, 2.891089108910891),
	(-0.3188118811881188, 0.2, 2.6495049504950496),
	(-0.24356435643564356, 0.3227722772277228, 2.625742574257426),
	(-0.09306930693069307, 0.28316831683168314, 2.5742574257425743),
	(-0.08118811881188119, 0.24752475247524752, 2.522772277227723),
	(-0.09306930693069307, 0.28316831683168314, 2.495049504950495),
	(0.24752475247524752, 0.36237623762376237, 2.5504950495049505),
	(0.2712871287128713, 0.42574257425742573, 2.772277227722772),
	(0.2316831683168317, 0.2514851485148515, 2.5346534653465347),
	(0.4534653465346535, 0.2594059405940594, 2.6376237623762377),
	(0.2594059405940594, 0.0019801980198019802, 2.621782178217822),
	(0.31485148514851485, 0.07722772277227723, 2.7445544554455448),
	(0.36237623762376237, 0.053465346534653464, 2.796039603960396),
	(0.31485148514851485, -0.0891089108910891, 2.8514851485148514),
	(0.36633663366336633, -0.04950495049504951, 2.9584158415841584),
	(0.28316831683168314, -0.14455445544554454, 3.0495049504950495),
	(0.31485148514851485, -0.07722772277227723, 3.112871287128713),
	(0.3108910891089109, -0.25544554455445545, 3.378217821782178),
	(0.08514851485148515, -0.12871287128712872, 3.0772277227722773),
	(0.05742574257425743, -0.07326732673267326, 3.0811881188118813),
	(-0.041584158415841586, -0.05742574257425743, 3.21980198019802),
	(-0.04950495049504951, -0.0019801980198019802, 3.3544554455445543),
	(-0.013861386138613862, -0.0019801980198019802, 3.405940594059406),
	(0.19207920792079208, 0.11683168316831684, 3.4732673267326732),
	(0.1485148514851485, -0.01782178217821782, 3.4376237623762376),
	(0.12475247524752475, -0.2, 3.592079207920792),
	(-0.02178217821782178, -0.08514851485148515, 3.5643564356435644),
	(-0.041584158415841586, 0.013861386138613862, 3.500990099009901),
	(0.03762376237623762, 0.0891089108910891, 3.382178217821782),
	(-0.11683168316831684, 0.21188118811881188, 3.263366336633663),
	(-0.1405940594059406, 0.17623762376237623, 3.0851485148514852),
	(-0.13663366336633664, 0.1485148514851485, 3.0257425742574258),
	(-0.16831683168316833, 0.13267326732673268, 2.895049504950495),
	(0.0297029702970297, 0.13663366336633664, 2.712871287128713),
	(-0.15643564356435644, -0.10495049504950495, 2.764356435643564),
	(-0.09306930693069307, -0.2, 2.9148514851485148),
	(-0.22376237623762377, -0.19603960396039605, 2.9623762376237623),
	(-0.02178217821782178, -0.17623762376237623, 2.720792079207921),
	(0.0019801980198019802, -0.3782178217821782, 2.9148514851485148),
	(0.19207920792079208, -0.30297029702970296, 2.724752475247525),
	(0.19207920792079208, -0.4534653465346535, 2.9386138613861386),
	(0.07722772277227723, -0.3504950495049505, 2.8079207920792078),
	(0.27920792079207923, -0.38613861386138615, 2.756435643564356),
	(0.2712871287128713, -0.37425742574257426, 2.6811881188118813),
	(0.18415841584158416, -0.5722772277227722, 2.4712871287128713),
	(0.07326732673267326, -0.5247524752475248, 2.479207920792079),
	(0.19207920792079208, -0.5089108910891089, 2.3603960396039603),
]
